RobTarget
	P0=0.000000,0.000000,0.000000,0.000000,0.000000,0.000000,0.000000,0,0,0,0,0.000000,0.000000,0.000000,0.000000,0.000000,0.000000
	P10=0.000000,0.000000,0.000000,0.000000,0.000000,0.000000,0.000000,0,0,0,0,0.000000,0.000000,0.000000,0.000000,0.000000,0.000000
	P11=1.000000,0.000000,0.000000,0.000000,0.000000,0.000000,0.000000,0,0,0,0,0.000000,0.000000,0.000000,0.000000,0.000000,0.000000
	P12=0.000000,0.000000,0.000000,0.000000,0.000000,0.000000,0.000000,0,0,0,0,0.000000,0.000000,0.000000,0.000000,0.000000,0.000000
	P13=12.000000,0.000000,0.000000,0.000000,0.000000,0.000000,0.000000,0,0,0,0,0.000000,0.000000,0.000000,0.000000,0.000000,0.000000
	P14=12.000000,45.000000,3.000000,44.000040,0.000200,0.000020,0.000400,2,3,1,0,0.000200,0.002000,0.003000,0.000000,0.000000,1.010000
ENDRobTarget

JointTarget
	J0=13.000000,14.000000,111.000000,112.000000,113.000000,13.000000,14.000000,14.000000,111.000000,112.000000,113.000000,13.000000
	J1=45.000000,5.000000,0.000000,0.000000,0.000000,0.000000,44.000000,44.000000,4.000000,0.000000,0.000000,0.000000
ENDJointTarget

WobjData
	W1=1,1,,0.900000,0.000090,0.000432,0.012300,0.004560,0.002400,0.340000
	Wobj11=0,0,JS,7.007000,0.000000,0.000000,0.000000,0.000000,0.000000,0.000000
	W11=0,1,Jason,11.000000,21.000000,31.000000,41.000000,0.000000,0.000000,0.000000
	W12=1,0,GSK,0.120000,0.000001,0.000010,0.0055000,0.000330,1.000020,2.003000
ENDWobjData

ToolData
	T1=1,104.090009,1101.000009,1102.000000,1103.000000,1104.000000,1105.000009,1106.000000
	T11=1,11.000000,22.000000,13.000000,1.000000,2.000000,3.000000,4.000000
	T12=1,0.000000,0.000000,0.000000,0.000000,0.000000,0.000000,0.000000
	Tool13=1,0.000000,0.000000,0.000000,0.000000,0.000000,0.000000,0.000000
	T13=1,0.000000,0.000000,0.000000,0.000000,0.000000,0.000000,0.000000
	T14=1,0.000000,0.000000,0.000000,0.000000,0.000000,0.000000,0.000000
	T15=1,0.000000,0.000000,0.000000,0.000000,0.000000,0.000000,0.000000
	T16=1,0.000000,0.000000,0.000000,0.000000,0.000000,0.000000,0.000000
	T17=1,0.000000,0.000000,0.000000,0.000000,0.000000,0.000000,0.000000
ENDToolData

ZoneData
	Z1=1,[1,0,123.300000,1.456320,4.712400,8.452700,7.782000,17.450000]
	Z2=0,[2.330000,12.330000,12.330000,12.330000,12.330000,12.330000]
	Z15=1,[11,0,123.300000,1.456320,4.712400,8.452700,7.782000,17.450000]
	Z12=0,[12.330000,12.330000,12.330000,12.330000,12.330000,12.330000]
ENDZoneData

SpeedData
	V1=1.000000,0.000000,0.000000,0.000000,0.000000
	V9=9.000000,9.000000,3.000000,4.000000,5.000000
	V8=8.000040,45.020000,0.000000,0.000000,0.000000
	V4=4.000000,5.000000,3.000000,4.000000,5.000000
	V10=10.000000,0.000000,0.000000,0.000000,0.000000
	V12=12.000000,0.000000,0.000000,0.000000,0.000000
	V11=11.000000,0.000000,44.000000,0.000000,0.000000
	V13=13.000000,14.000000,0.000000,0.000000,0.000000
	V14=14.000000,45.000000,0.000000,0.000000,0.000000
	V15=55.000000,0.000000,0.000000,0.000000,0.000000
	Vpeed16=55.000000,123.000000,0.000000,0.000000,0.000000
	V16=0.000000,0.000000,0.000000,0.000000,0.000000
	V17=0.000000,0.000000,0.000000,0.000000,0.000000
	V18=0.000000,0.000000,0.000000,0.000000,0.000000
	V19=0.000000,0.000000,0.000000,0.000000,0.000000
ENDSpeedData

